"input" "filtered" "denoised F" "denoised R" "merged" "nonchim paired"
"S10" 54746 29969 29943 29943 27721 26002
"S11" 80731 43375 43175 43328 39191 38475
"S12" 87133 58004 57942 57932 56948 56406
"S13" 70852 39813 39590 39607 36598 33056
"S14" 52549 18912 18825 18806 12882 11348
"S15" 80772 51291 51085 51151 48868 47444
"S16" 69206 42090 41872 41896 39104 35817
"S17" 57810 41491 41332 41330 40504 36519
"S18" 78737 55817 55682 55719 55019 53316
"S19" 46940 25753 25746 25665 24528 24377
"S1" 89466 62231 62116 62144 61046 60172
"S20" 109877 79241 78896 78858 76756 67971
"S21" 98563 66487 66174 66166 64556 59533
"S22" 116209 78366 77865 77981 75593 66446
"S23" 94618 63438 63166 63246 61574 54466
"S24" 105866 75522 75290 75314 74059 69411
"S25" 96397 69219 68641 68624 66277 60130
"S26" 80994 52052 51865 51901 51129 47642
"S27" 25858 19710 19665 19664 19508 19255
"S28" 44145 31687 31461 31485 30333 27304
"S29" 85609 56377 56068 56119 54484 47608
"S2" 40202 24428 24380 24408 22055 21663
"S30" 67167 44334 44129 44132 43192 40510
"S31" 93329 63179 62752 62773 60580 53440
"S32" 61594 38097 38088 38082 37563 37217
"S33" 80617 48946 48880 48858 46560 45499
"S34" 66269 47239 47230 47227 46734 46460
"S35" 91796 62558 62517 62520 61988 61560
"S36" 62724 37297 37196 37213 34597 34108
"S37" 62787 37329 37283 37226 35810 35335
"S38" 64288 35567 35483 35487 32234 31415
"S39" 41336 26399 26297 26337 24981 24404
"S3" 66691 43340 43313 43304 39051 38863
"S40" 53086 22624 22569 22578 19252 18669
"S41" 76295 49768 49684 49618 48413 47720
"S42" 74059 40566 40500 40461 36722 36443
"S43" 70247 45201 45149 45135 43582 42971
"S44" 83195 42352 42232 42205 36497 35238
"S45" 74736 37477 37404 37358 28334 26756
"S46" 88212 56090 55984 55950 53056 52315
"S47" 78214 46426 46397 46350 44715 44236
"S48" 82101 42671 42562 42572 38794 37488
"S49" 94077 57811 57713 57695 55183 54203
"S4" 73045 38959 38805 38884 34387 33203
"S50" 56752 32880 32816 32818 31534 29758
"S51" 48174 31458 31374 31308 30412 30109
"S52" 73367 47623 47517 47474 45421 44792
"S53" 81458 55016 54879 54881 48880 48512
"S54" 86956 51835 51759 51711 50146 48596
"S55" 68529 47145 47001 47025 45566 44944
"S56" 66760 36794 36744 36762 34353 33816
"S57" 84272 49447 49393 49379 48245 46193
"S58" 73002 46482 46460 46457 44797 40822
"S59" 74806 51441 51412 51361 44885 44632
"S5" 67207 34616 34471 34498 30446 29593
"S60" 83548 57496 57341 57396 56180 55286
"S61" 76667 53292 53230 53039 51882 51345
"S62" 76859 45670 45556 45540 43361 42834
"S63" 61938 44469 44403 44382 43609 43031
"S64" 80203 54976 54847 54710 53734 52282
"S65" 84910 57582 57479 57436 56264 55738
"S66" 94299 61594 61465 61454 59105 57887
"S67" 72420 48245 48186 48188 47375 46008
"S68" 81974 52068 52024 52027 47503 46834
"S69" 85727 42975 42908 42919 37952 36678
"S6" 62965 44349 44314 44274 43129 42975
"S70" 90211 59455 59380 59404 56190 55816
"S71" 103889 70403 70351 70279 68986 65226
"S72" 94755 64874 64669 64680 63703 62095
"S73" 54721 36601 36567 36534 35455 35243
"S74" 70411 40170 39907 40001 36993 36095
"S75" 24009 12486 12415 12406 11572 10993
"S76" 67508 39179 39048 39112 36837 35794
"S77" 66308 35402 35331 35264 32140 31793
"S78" 64267 36062 35986 35962 34125 32590
"S79" 76567 52160 51942 51913 50549 49835
"S7" 65556 42656 42629 42567 40811 40548
"S80" 71373 42558 42495 42487 39971 39161
"S81" 67060 47504 47376 47377 45693 45547
"S8" 37716 22241 22226 22240 21516 21259
"S9" 68588 41250 41094 41125 37948 37570
